    Degree Centrality  Betweenness Centrality  Closeness Centrality  Eigenvector Centrality  Clustering Coefficient  PageRank  Katz Centrality  Harmonic Centrality  Assortativity  Avg Neighbor Degree
0            0.484848                0.437635              0.568966                0.355484                0.150000  0.088508         0.258081            23.166667      -0.475613             4.312500
1            0.272727                0.053937              0.485294                0.265955                0.333333  0.057415         0.205489            19.166667      -0.475613             5.777778
2            0.303030                0.143657              0.559322                0.317190                0.244444  0.062767         0.217703            21.000000      -0.475613             6.600000
3            0.181818                0.011909              0.464789                0.211175                0.666667  0.037212         0.182787            17.666667      -0.475613             7.666667
4            0.090909                0.000631              0.379310                0.075966                0.666667  0.020504         0.152544            14.666667      -0.475613             7.666667
5            0.121212                0.029987              0.383721                0.079480                0.500000  0.033810         0.159543            15.166667      -0.475613             6.250000
6            0.121212                0.029987              0.383721                0.079480                0.500000  0.031529         0.159543            15.166667      -0.475613             6.250000
7            0.121212                0.000000              0.440000                0.170956                1.000000  0.026465         0.167238            16.416667      -0.475613            10.250000
8            0.151515                0.055927              0.515625                0.227405                0.500000  0.033382         0.180862            18.500000      -0.475613            11.800000
9            0.060606                0.000848              0.434211                0.102675                0.000000  0.009463         0.148118            15.583333      -0.475613            13.500000
10           0.090909                0.000631              0.379310                0.075966                0.666667  0.020689         0.152544            14.666667      -0.475613             7.666667
11           0.030303                0.000000              0.366667                0.052854                0.000000  0.009786         0.136939            13.500000      -0.475613            16.000000
12           0.060606                0.000000              0.370787                0.084252                1.000000  0.011475         0.146079            14.000000      -0.475613            11.000000
13           0.151515                0.045863              0.515625                0.226470                0.600000  0.033474         0.180436            18.500000      -0.475613            11.600000
14           0.060606                0.000000              0.370787                0.101406                1.000000  0.012942         0.148674            14.200000      -0.475613            14.500000
15           0.060606                0.000000              0.370787                0.101406                1.000000  0.016376         0.148674            14.200000      -0.475613            14.500000
16           0.060606                0.000000              0.284483                0.023635                1.000000  0.016755         0.139990            11.100000      -0.475613             4.000000
17           0.060606                0.000000              0.375000                0.092397                1.000000  0.009677         0.147214            14.166667      -0.475613            12.500000
18           0.060606                0.000000              0.370787                0.101406                1.000000  0.009545         0.148674            14.200000      -0.475613            14.500000
19           0.090909                0.032475              0.500000                0.147911                0.333333  0.013078         0.160412            17.500000      -0.475613            14.000000
20           0.060606                0.000000              0.370787                0.101406                1.000000  0.011224         0.148674            14.200000      -0.475613            14.500000
21           0.060606                0.000000              0.375000                0.092397                1.000000  0.011360         0.147214            14.166667      -0.475613            12.500000
22           0.060606                0.000000              0.370787                0.101406                1.000000  0.012961         0.148674            14.200000      -0.475613            14.500000
23           0.151515                0.017614              0.392857                0.150123                0.400000  0.041146         0.172579            16.033333      -0.475613             8.000000
24           0.090909                0.002210              0.375000                0.057053                0.333333  0.016634         0.148929            13.916667      -0.475613             4.333333
25           0.090909                0.003840              0.375000                0.059208                0.333333  0.028673         0.149329            13.916667      -0.475613             4.666667
26           0.060606                0.000000              0.362637                0.075582                1.000000  0.015240         0.145462            13.950000      -0.475613            10.500000
27           0.121212                0.022333              0.458333                0.133479                0.166667  0.027235         0.164194            16.916667      -0.475613             8.750000
28           0.090909                0.001795              0.452055                0.131079                0.333333  0.014479         0.157336            16.416667      -0.475613            11.000000
29           0.121212                0.002922              0.383721                0.134965                0.666667  0.028272         0.164576            15.366667      -0.475613             9.000000
30           0.121212                0.014412              0.458333                0.174760                0.500000  0.023032         0.167991            16.916667      -0.475613            10.750000
31           0.181818                0.138276              0.540984                0.191036                0.200000  0.041985         0.184357            19.333333      -0.475613             9.000000
32           0.363636                0.145247              0.515625                0.308650                0.196970  0.075926         0.228805            20.916667      -0.475613             5.083333
33           0.515152                0.304075              0.550000                0.373370                0.110294  0.096980         0.263960            23.250000      -0.475613             3.823529