     Degree Centrality  Betweenness Centrality  Closeness Centrality  Eigenvector Centrality  Clustering Coefficient  PageRank  Katz Centrality  Harmonic Centrality  Assortativity  Avg Neighbor Degree
1             0.057692                0.007433              0.345515                0.016812                0.600000  0.007828         0.073190            40.666667      -0.127896             9.500000
2             0.038462                0.000049              0.303207                0.012289                0.833333  0.005511         0.066366            36.716667      -0.127896            11.750000
3             0.038462                0.000521              0.309524                0.011851                0.666667  0.005669         0.061847            35.616667      -0.127896             7.250000
4             0.221154                0.076093              0.371429                0.077091                0.209486  0.024230         0.162516            51.866667      -0.127896             9.652174
5             0.076923                0.062928              0.390977                0.046648                0.250000  0.009884         0.081464            45.083333      -0.127896             8.250000
6             0.067308                0.012881              0.356164                0.021200                0.523810  0.008865         0.077282            42.083333      -0.127896             9.142857
7             0.105769                0.056297              0.379562                0.031526                0.181818  0.012958         0.095263            46.250000      -0.127896             8.363636
8             0.076923                0.068724              0.407843                0.056750                0.178571  0.009447         0.085923            46.916667      -0.127896            10.500000
9             0.240385                0.074908              0.378182                0.090929                0.253333  0.024990         0.178892            52.933333      -0.127896            10.400000
10            0.153846                0.098395              0.406250                0.066591                0.300000  0.016811         0.134669            50.900000      -0.127896            11.625000
11            0.144231                0.033732              0.340984                0.049770                0.304762  0.016323         0.124596            46.033333      -0.127896            11.000000
12            0.173077                0.029283              0.361111                0.070385                0.294118  0.018712         0.145698            48.950000      -0.127896            11.444444
13            0.240385                0.095262              0.380952                0.086789                0.233333  0.025587         0.176672            53.183333      -0.127896            10.320000
14            0.125000                0.018026              0.340984                0.051600                0.333333  0.013943         0.120088            45.183333      -0.127896            12.461538
15            0.086538                0.058843              0.395437                0.048395                0.416667  0.009759         0.104144            47.500000      -0.127896            15.777778
16            0.048077                0.000769              0.292135                0.020184                0.700000  0.006510         0.075766            37.716667      -0.127896            14.000000
17            0.028846                0.000000              0.278820                0.012324                1.000000  0.004356         0.064097            35.050000      -0.127896            14.333333
18            0.048077                0.000122              0.297143                0.029447                0.900000  0.005854         0.083260            38.716667      -0.127896            19.400000
19            0.028846                0.000049              0.316109                0.016377                0.666667  0.004195         0.067676            38.316667      -0.127896            19.666667
20            0.048077                0.036540              0.362369                0.020595                0.200000  0.006555         0.071305            42.166667      -0.127896            10.600000
21            0.096154                0.026229              0.380952                0.046518                0.400000  0.010924         0.104352            46.350000      -0.127896            13.100000
22            0.048077                0.000124              0.296296                0.027553                0.800000  0.005897         0.081609            38.550000      -0.127896            18.000000
23            0.067308                0.007157              0.346667                0.031493                0.333333  0.008059         0.089391            42.883333      -0.127896            15.000000
24            0.086538                0.001948              0.297994                0.040593                0.500000  0.009686         0.101403            40.216667      -0.127896            13.888889
25            0.086538                0.004959              0.357388                0.048379                0.611111  0.009492         0.106814            44.383333      -0.127896            16.555556
26            0.048077                0.000835              0.320988                0.021275                0.400000  0.006088         0.075558            39.600000      -0.127896            13.600000
27            0.086538                0.005976              0.354949                0.044721                0.527778  0.009548         0.103115            43.883333      -0.127896            14.555556
28            0.086538                0.002889              0.332268                0.045633                0.583333  0.009468         0.105304            42.700000      -0.127896            15.666667
29            0.028846                0.003839              0.342105                0.047959                0.333333  0.004229         0.066105            39.700000      -0.127896            17.000000
30            0.038462                0.009693              0.348993                0.016775                0.333333  0.005275         0.068079            40.500000      -0.127896            12.500000
31            0.192308                0.139478              0.414343                0.258553                0.268421  0.020231         0.158722            53.366667      -0.127896            11.600000
32            0.105769                0.031842              0.382353                0.151958                0.400000  0.011447         0.109727            46.616667      -0.127896            11.909091
33            0.125000                0.075272              0.412698                0.062927                0.192308  0.015260         0.100771            49.083333      -0.127896             7.384615
34            0.144231                0.039195              0.375451                0.186696                0.257143  0.015559         0.126352            47.700000      -0.127896            10.133333
35            0.048077                0.007857              0.356164                0.056030                0.300000  0.006320         0.075009            42.033333      -0.127896            14.200000
36            0.048077                0.000182              0.288889                0.025673                0.800000  0.005896         0.079755            37.333333      -0.127896            16.200000
37            0.086538                0.001341              0.294618                0.036424                0.527778  0.009764         0.098967            39.633333      -0.127896            13.222222
38            0.096154                0.008353              0.304985                0.029838                0.355556  0.011160         0.095901            40.766667      -0.127896            10.000000
39            0.067308                0.003639              0.292135                0.025580                0.523810  0.007996         0.085442            38.466667      -0.127896            12.714286
40            0.173077                0.046235              0.357388                0.065343                0.274510  0.018267         0.140779            47.750000      -0.127896            10.222222
41            0.076923                0.003303              0.326019                0.039304                0.642857  0.008657         0.097778            41.533333      -0.127896            15.250000
42            0.057692                0.000708              0.298851                0.026683                0.533333  0.006946         0.083125            38.350000      -0.127896            14.500000
43            0.048077                0.001673              0.288889                0.017559                0.400000  0.006315         0.073047            37.133333      -0.127896            11.600000
44            0.048077                0.000199              0.300578                0.027196                0.800000  0.005871         0.081570            38.350000      -0.127896            18.200000
45            0.057692                0.000237              0.320000                0.033814                0.733333  0.006683         0.088169            39.866667      -0.127896            17.333333
46            0.038462                0.042746              0.335484                0.022034                0.333333  0.005251         0.073860            39.883333      -0.127896            18.000000
47            0.173077                0.027731              0.351351                0.065497                0.274510  0.018305         0.141161            47.716667      -0.127896            10.111111
48            0.038462                0.000250              0.338762                0.016677                0.833333  0.005333         0.065792            38.933333      -0.127896             9.750000
49            0.076923                0.103649              0.407843                0.069553                0.250000  0.009104         0.089611            47.250000      -0.127896            11.750000
50            0.028846                0.003328              0.346667                0.016753                0.333333  0.004203         0.065010            39.666667      -0.127896            15.666667
51            0.057692                0.020374              0.356164                0.019628                0.600000  0.007887         0.072361            41.333333      -0.127896             9.166667
52            0.048077                0.013326              0.357388                0.019226                0.400000  0.006485         0.070040            41.166667      -0.127896            10.200000
53            0.067308                0.002632              0.288889                0.022318                0.666667  0.008096         0.082875            37.800000      -0.127896            11.285714
54            0.076923                0.006124              0.304094                0.027457                0.464286  0.008999         0.089468            39.933333      -0.127896            11.875000
55            0.038462                0.001217              0.310448                0.014862                0.666667  0.005444         0.068370            37.616667      -0.127896            12.500000
56            0.038462                0.003535              0.307692                0.010465                0.000000  0.005616         0.063863            36.883333      -0.127896             8.250000
57            0.048077                0.003095              0.285714                0.019433                0.400000  0.006106         0.074898            36.666667      -0.127896            13.200000
58            0.057692                0.000179              0.297994                0.028760                0.800000  0.006754         0.084108            38.183333      -0.127896            14.500000
59            0.048077                0.011069              0.339869                0.016327                0.300000  0.006562         0.068139            39.433333      -0.127896             7.800000
60            0.067308                0.040866              0.380952                0.093562                0.428571  0.007872         0.087681            44.333333      -0.127896            13.285714
61            0.048077                0.054703              0.371429                0.033784                0.500000  0.005875         0.075051            42.500000      -0.127896            11.800000
62            0.201923                0.065214              0.371429                0.254842                0.266667  0.021868         0.158740            51.066667      -0.127896            10.571429
63            0.211538                0.090934              0.393939                0.270793                0.255411  0.022393         0.162817            52.116667      -0.127896            10.000000
64            0.057692                0.029416              0.319018                0.049930                0.266667  0.008858         0.075101            39.700000      -0.127896            10.333333
65            0.067308                0.003676              0.328076                0.111723                0.428571  0.007855         0.091396            41.283333      -0.127896            15.428571
66            0.201923                0.043198              0.350168                0.284085                0.314286  0.021253         0.164662            49.283333      -0.127896            11.571429
67            0.153846                0.015291              0.340984                0.241907                0.425000  0.015985         0.142374            46.366667      -0.127896            12.875000
68            0.153846                0.015351              0.367491                0.237558                0.458333  0.015954         0.140781            47.683333      -0.127896            12.250000
69            0.125000                0.080302              0.396947                0.198157                0.410256  0.013109         0.126890            48.583333      -0.127896            13.769231
70            0.076923                0.001787              0.328076                0.147805                0.607143  0.008417         0.101350            41.700000      -0.127896            16.500000
71            0.038462                0.000125              0.320000                0.081363                0.500000  0.004920         0.076285            39.033333      -0.127896            19.500000
72            0.086538                0.000724              0.340984                0.178217                0.777778  0.009190         0.111166            43.066667      -0.127896            17.444444
73            0.076923                0.003949              0.336570                0.142928                0.535714  0.008501         0.099993            42.066667      -0.127896            15.625000
74            0.221154                0.057900              0.363636                0.296894                0.300395  0.023180         0.171921            50.816667      -0.127896            10.782609
75            0.134615                0.034596              0.352542                0.189203                0.351648  0.014946         0.126167            46.316667      -0.127896            12.142857
76            0.067308                0.015194              0.346667                0.103649                0.523810  0.008170         0.089199            42.316667      -0.127896            14.142857
77            0.115385                0.039701              0.330159                0.155130                0.393939  0.013204         0.113773            43.966667      -0.127896            12.166667
78            0.048077                0.000100              0.307692                0.091255                0.800000  0.005756         0.080056            37.900000      -0.127896            16.000000
79            0.076923                0.003961              0.310448                0.113766                0.428571  0.008707         0.092069            39.483333      -0.127896            11.875000
80            0.048077                0.000224              0.240185                0.010445                0.600000  0.006325         0.067383            31.071429      -0.127896             7.400000
81            0.038462                0.040995              0.329114                0.019691                0.333333  0.005829         0.061402            37.333333      -0.127896             5.500000
82            0.086538                0.028360              0.356164                0.048768                0.361111  0.011310         0.084539            43.283333      -0.127896             8.222222
83            0.067308                0.004422              0.321981                0.023270                0.476190  0.009373         0.072865            38.450000      -0.127896             6.857143
84            0.048077                0.010520              0.313253                0.013433                0.600000  0.007390         0.065260            36.700000      -0.127896             7.600000
85            0.038462                0.001813              0.325000                0.026956                0.500000  0.005516         0.065180            38.033333      -0.127896            11.000000
86            0.048077                0.000928              0.253659                0.027766                0.600000  0.006971         0.065537            32.309524      -0.127896             6.400000
87            0.057692                0.002942              0.274406                0.063322                0.600000  0.007601         0.076758            35.616667      -0.127896            10.666667
88            0.038462                0.002213              0.278075                0.026263                0.166667  0.005846         0.062446            34.016667      -0.127896             7.000000
89            0.057692                0.002250              0.275862                0.060874                0.666667  0.007598         0.076125            35.950000      -0.127896            10.333333
90            0.038462                0.000000              0.251816                0.025735                1.000000  0.005702         0.062563            31.476190      -0.127896             7.250000
91            0.038462                0.007107              0.306785                0.033970                0.333333  0.005825         0.064452            36.416667      -0.127896             9.000000
92            0.048077                0.000943              0.285714                0.062451                0.500000  0.006394         0.073697            36.016667      -0.127896            12.000000
93            0.115385                0.007119              0.294618                0.157542                0.333333  0.012763         0.112886            41.250000      -0.127896            11.416667
94            0.048077                0.000037              0.308605                0.098999                0.900000  0.005847         0.082210            38.616667      -0.127896            17.600000
95            0.057692                0.000152              0.311377                0.116890                0.866667  0.006797         0.089279            39.450000      -0.127896            17.666667
96            0.048077                0.001035              0.306785                0.075947                0.500000  0.005993         0.076893            38.283333      -0.127896            14.000000
97            0.057692                0.000740              0.299712                0.097899                0.733333  0.006982         0.084678            38.483333      -0.127896            15.000000
98            0.057692                0.000625              0.287293                0.099529                0.733333  0.007003         0.084833            37.750000      -0.127896            14.833333
99            0.019231                0.000000              0.243560                0.004662                1.000000  0.004322         0.052488            28.709524      -0.127896             4.500000
100           0.028846                0.001512              0.267352                0.005701                0.333333  0.005779         0.055596            31.133333      -0.127896             4.333333
101           0.038462                0.000742              0.298851                0.064723                0.500000  0.005066         0.071417            36.783333      -0.127896            14.500000
102           0.048077                0.000992              0.300578                0.086028                0.500000  0.005918         0.078583            37.650000      -0.127896            14.800000
103           0.028846                0.000000              0.300578                0.066409                1.000000  0.004001         0.069366            36.666667      -0.127896            19.666667
104           0.067308                0.012828              0.316109                0.075309                0.380952  0.008690         0.081454            39.000000      -0.127896            10.000000
105           0.048077                0.000363              0.268041                0.074026                0.500000  0.005973         0.075482            34.942857      -0.127896            12.400000